0.9360613810741688
0.6844262295081968
0.8088235294117647
0.45850622406639
0.7526501766784452
0.15514705882352942
0.3888888888888889
0.5757575757575758
0.48360655737704916
0.17982456140350878
1.0
1.0
1.0
0.7055393586005831
0.7492163009404389
1.0
0.4036885245901639
0.7049180327868853
1.0
0.39425587467362927
0.5757575757575758
0.1825726141078838
0.2125
0.48
1.0
1.0
0.6993865030674846
0.45850622406639
0.8975409836065574
0.8831168831168831
1.0
0.5971223021582733
0.4606413994169096
0.39425587467362927
0.31347962382445144
0.41702127659574467
0.17982456140350878
0.15778688524590165
0.9754098360655737
0.9336099585062241
0.7561807331628303
1.0
0.8015665796344648
1.0
0.7492163009404389
1.0
0.8553191489361702
0.37280701754385964
0.5845070422535211
0.9
0.5757575757575758
0.6428571428571429
0.26639344262295084
1.0
0.9608355091383812
1.0
1.0
0.9064748201438849
0.7492163009404389
1.0
1.0
1.0
0.4556701030927835
0.8975409836065574
0.4036885245901639
1.0
0.3589108910891089
0.36235955056179775
0.26822157434402333
0.48
