0.6203319502074689
0.6639344262295082
0.5844155844155844
0.34210526315789475
0.11842105263157894
0.40476190476190477
0.9641943734015346
0.8529411764705882
0.10031347962382445
0.8162544169611308
0.7254098360655737
0.45555555555555555
0.15735294117647058
0.17842323651452283
0.7049180327868853
0.6017316017316018
0.8608695652173913
0.38596491228070173
0.8666666666666667
0.47928994082840237
0.185
0.6763848396501457
0.7648902821316614
0.22772277227722773
0.4385245901639344
0.37597911227154046
0.9125364431486881
0.13617021276595745
0.17625899280575538
0.5414937759336099
0.9590163934426229
0.8831168831168831
0.19736842105263158
0.21710526315789475
0.9880952380952381
0.9411764705882353
0.2664576802507837
0.40924092409240925
0.20901639344262296
0.7883435582822086
0.2402088772845953
0.4139941690962099
0.451063829787234
0.6906474820143885
0.9253112033195021
0.3401639344262295
0.5670995670995671
0.9692982456140351
0.39035087719298245
0.9466666666666667
0.5833333333333334
0.14066496163682865
0.780564263322884
0.976897689768977
0.9774590163934426
0.741514360313316
0.8851063829787233
0.602112676056338
0.5072164948453608
0.9795081967213115
0.2683982683982684
0.6565217391304348
0.22149122807017543
0.9133333333333333
0.3431952662721893
0.38613861386138615
0.3236151603498542
0.780564263322884
0.14521452145214522
0.3073770491803279
0.9263803680981595
0.8848920863309353
0.2112676056338028
0.8098591549295775
0.14054054054054055
0.398876404494382
