0.48132780082987553
0.5491803278688525
0.5757575757575758
0.38095238095238093
0.9360613810741688
0.8088235294117647
0.7526501766784452
0.6844262295081968
0.3888888888888889
0.15514705882352942
0.14522821576763487
0.7049180327868853
0.5757575757575758
0.8173913043478261
0.30701754385964913
0.48
0.41420118343195267
0.4868804664723032
0.7492163009404389
0.4016393442622951
0.2819843342036554
0.8862973760932945
0.16546762589928057
0.48132780082987553
0.8975409836065574
0.8831168831168831
0.18421052631578946
0.9821428571428571
0.9360613810741688
0.6993865030674846
0.2245430809399478
0.4139941690962099
0.41702127659574467
0.5971223021582733
0.8983402489626556
0.26639344262295084
0.5367965367965368
0.8991228070175439
0.37280701754385964
0.9
0.5416666666666666
0.7492163009404389
0.9438943894389439
0.9754098360655737
0.6057441253263708
0.8553191489361702
0.5845070422535211
0.47835051546391755
0.8975409836065574
0.4043478260869565
0.18421052631578946
0.48
0.3589108910891089
0.26822157434402333
0.7492163009404389
0.29098360655737704
0.8496932515337423
0.8705035971223022
0.7253521126760564
0.13513513513513514
0.38202247191011235
